1;204600.0000000000;59866;59866;E9DA
2;102200.0000000000;60711;60711;ED27
3;68066.6718750000;61231;61231;EF2F
4;51000.0000000000;61612;61612;F0AC
5;40760.0000000000;61915;61915;F1DB
6;33933.3359375000;62168;62168;F2D8
7;29057.1445312500;62386;62386;F3B2
8;25400.0000000000;62577;62577;F471
9;22555.5566406250;62748;62748;F51C
10;20280.0000000000;62903;62903;F5B7
11;18418.1816406250;63045;63045;F645
12;16866.6679687500;63175;63175;F6C7
13;15553.8466796875;63297;63297;F741
14;14428.5722656250;63410;63410;F7B2
15;13453.3339843750;63516;63516;F81C
16;12600.0000000000;63616;63616;F880
17;11847.0585937500;63711;63711;F8DF
18;11177.7783203125;63801;63801;F939
19;10578.9472656250;63887;63887;F98F
20;10040.0000000000;63969;63969;F9E1
21;9552.3808593750;64047;64047;FA2F
22;9109.0908203125;64122;64122;FA7A
23;8704.3476562500;64194;64194;FAC2
24;8333.3339843750;64264;64264;FB08
25;7992.0000000000;64331;64331;FB4B
26;7676.9233398437;64395;64395;FB8B
27;7385.1850585937;64458;64458;FBCA
28;7114.2861328125;64519;64519;FC07
29;6862.0688476562;64577;64577;FC41
30;6626.6669921875;64634;64634;FC7A
31;6406.4511718750;64690;64690;FCB2
32;6200.0000000000;64744;64744;FCE8
33;6006.0605468750;64796;64796;FD1C
34;5823.5292968750;64847;64847;FD4F
35;5651.4287109375;64897;64897;FD81
36;5488.8891601562;64946;64946;FDB2
37;5335.1352539062;64993;64993;FDE1
38;5189.4736328125;65040;65040;FE10
39;5051.2822265625;65085;65085;FE3D
40;4920.0000000000;65129;65129;FE69
41;4795.1215820312;65173;65173;FE95
42;4676.1904296875;65215;65215;FEBF
43;4562.7905273437;65257;65257;FEE9
44;4454.5454101562;65298;65298;FF12
45;4351.1113281250;65338;65338;FF3A
46;4252.1738281250;65378;65378;FF62
47;4157.4467773437;65416;65416;FF88
48;4066.6667480468;65454;65454;FFAE
49;3979.5917968750;65491;65491;FFD3
50;3896.0000000000;65528;65528;FFF8
51;3815.6865234375;27;27;1B
52;3738.4616699218;63;63;3F
53;3664.1508789062;98;98;62
54;3592.5925292968;132;132;84
55;3523.6362304687;166;166;A6
56;3457.1430664062;199;199;C7
57;3392.9824218750;232;232;E8
58;3331.0344238281;264;264;108
59;3271.1865234375;296;296;128
60;3213.3334960937;328;328;148
61;3157.3769531250;359;359;167
62;3103.2255859375;389;389;185
63;3050.7939453125;420;420;1A4
64;3000.0000000000;449;449;1C1
65;2950.7692871093;479;479;1DF
66;2903.0302734375;508;508;1FC
67;2856.7163085937;537;537;219
68;2811.7646484375;565;565;235
69;2768.1159667968;593;593;251
70;2725.7143554687;621;621;26D
71;2684.5070800781;648;648;288
72;2644.4445800781;675;675;2A3
73;2605.4794921875;702;702;2BE
74;2567.5676269531;729;729;2D9
75;2530.6667480468;755;755;2F3
76;2494.7368164062;781;781;30D
77;2459.7402343750;806;806;326
78;2425.6411132812;832;832;340
79;2392.4050292968;857;857;359
80;2360.0000000000;882;882;372
81;2328.3950195312;906;906;38A
82;2297.5607910156;931;931;3A3
83;2267.4697265625;955;955;3BB
84;2238.0952148437;979;979;3D3
85;2209.4118652343;1002;1002;3EA
86;2181.3952636718;1026;1026;402
87;2154.0229492187;1049;1049;419
88;2127.2727050781;1072;1072;430
89;2101.1235351562;1095;1095;447
90;2075.5556640625;1118;1118;45E
91;2050.5495605468;1140;1140;474
92;2026.0870361328;1162;1162;48A
93;2002.1505126953;1184;1184;4A0
94;1978.7233886718;1206;1206;4B6
95;1955.7895507812;1228;1228;4CC
96;1933.3333740234;1249;1249;4E1
97;1911.3400878906;1271;1271;4F7
98;1889.7958984375;1292;1292;50C
99;1868.6868896484;1313;1313;521
100;1848.0000000000;1334;1334;536
101;1827.7227783203;1354;1354;54A
102;1807.8432617187;1375;1375;55F
103;1788.3494873046;1395;1395;573
104;1769.2308349609;1416;1416;588
105;1750.4763183593;1436;1436;59C
106;1732.0754394531;1456;1456;5B0
107;1714.0186767578;1475;1475;5C3
108;1696.2962646484;1495;1495;5D7
109;1678.8990478515;1514;1514;5EA
110;1661.8181152343;1534;1534;5FE
111;1645.0450439453;1553;1553;611
112;1628.5715332031;1572;1572;624
113;1612.3894042968;1591;1591;637
114;1596.4912109375;1610;1610;64A
115;1580.8695068359;1629;1629;65D
116;1565.5172119140;1647;1647;66F
117;1550.4274902343;1666;1666;682
118;1535.5932617187;1684;1684;694
119;1521.0085449218;1702;1702;6A6
120;1506.6667480468;1721;1721;6B9
121;1492.5618896484;1739;1739;6CB
122;1478.6884765625;1757;1757;6DD
123;1465.0405273437;1774;1774;6EE
124;1451.6127929687;1792;1792;700
125;1438.4000244140;1810;1810;712
126;1425.3969726562;1827;1827;723
127;1412.5983886718;1845;1845;735
128;1400.0000000000;1862;1862;746
129;1387.5969238281;1879;1879;757
130;1375.3846435546;1896;1896;768
131;1363.3587646484;1913;1913;779
132;1351.5151367187;1930;1930;78A
133;1339.8496093750;1947;1947;79B
134;1328.3581542968;1964;1964;7AC
135;1317.0369873046;1980;1980;7BC
136;1305.8823242187;1997;1997;7CD
137;1294.8905029296;2013;2013;7DD
138;1284.0579833984;2030;2030;7EE
139;1273.3813476562;2046;2046;7FE
140;1262.8571777343;2062;2062;80E
141;1252.4821777343;2078;2078;81E
142;1242.2535400390;2094;2094;82E
143;1232.1678466796;2110;2110;83E
144;1222.2222900390;2126;2126;84E
145;1212.4138183593;2142;2142;85E
146;1202.7397460937;2158;2158;86E
147;1193.1972656250;2173;2173;87D
148;1183.7838134765;2189;2189;88D
149;1174.4967041015;2204;2204;89C
150;1165.3333740234;2220;2220;8AC
151;1156.2913818359;2235;2235;8BB
152;1147.3684082031;2250;2250;8CA
153;1138.5621337890;2266;2266;8DA
154;1129.8701171875;2281;2281;8E9
155;1121.2902832031;2296;2296;8F8
156;1112.8205566406;2311;2311;907
157;1104.4586181640;2326;2326;916
158;1096.2025146484;2341;2341;925
159;1088.0502929687;2356;2356;934
160;1080.0000000000;2370;2370;942
161;1072.0496826171;2385;2385;951
162;1064.1975097656;2400;2400;960
163;1056.4416503906;2414;2414;96E
164;1048.7803955078;2429;2429;97D
165;1041.2120361328;2443;2443;98B
166;1033.7348632812;2458;2458;99A
167;1026.3474121093;2472;2472;9A8
168;1019.0476684570;2486;2486;9B6
169;1011.8343505859;2500;2500;9C4
170;1004.7059326171;2514;2514;9D2
171;997.6608276367;2529;2529;9E1
172;990.6976928710;2543;2543;9EF
173;983.8150024414;2557;2557;9FD
174;977.0114746093;2571;2571;A0B
175;970.2857055664;2584;2584;A18
176;963.6364135742;2598;2598;A26
177;957.0621337890;2612;2612;A34
178;950.5618286132;2626;2626;A42
179;944.1340332031;2640;2640;A50
180;937.7778320312;2653;2653;A5D
181;931.4917602539;2667;2667;A6B
182;925.2747802734;2680;2680;A78
183;919.1256713867;2694;2694;A86
184;913.0435180664;2707;2707;A93
185;907.0270385742;2721;2721;AA1
186;901.0752563476;2734;2734;AAE
187;895.1871948242;2747;2747;ABB
188;889.3616943359;2761;2761;AC9
189;883.5978393554;2774;2774;AD6
190;877.8947753906;2787;2787;AE3
191;872.2513427734;2800;2800;AF0
192;866.6666870117;2813;2813;AFD
193;861.1398925781;2826;2826;B0A
194;855.6700439453;2839;2839;B17
195;850.2564697265;2852;2852;B24
196;844.8979492187;2865;2865;B31
197;839.5938720703;2878;2878;B3E
198;834.3434448242;2891;2891;B4B
199;829.1456909179;2904;2904;B58
200;824.0000000000;2916;2916;B64
201;818.9054565429;2929;2929;B71
202;813.8613891601;2942;2942;B7E
203;808.8670043945;2954;2954;B8A
204;803.9216308593;2967;2967;B97
205;799.0244140625;2979;2979;BA3
206;794.1747436523;2992;2992;BB0
207;789.3719482421;3004;3004;BBC
208;784.6154174804;3017;3017;BC9
209;779.9042968750;3029;3029;BD5
210;775.2381591796;3042;3042;BE2
211;770.6161499023;3054;3054;BEE
212;766.0377197265;3066;3066;BFA
213;761.5023803710;3079;3079;C07
214;757.0093383789;3091;3091;C13
215;752.5581054687;3103;3103;C1F
216;748.1481323242;3115;3115;C2B
217;743.7788085937;3127;3127;C37
218;739.4495239257;3139;3139;C43
219;735.1597900390;3152;3152;C50
220;730.9090576171;3164;3164;C5C
221;726.6968994140;3176;3176;C68
222;722.5225219726;3188;3188;C74
223;718.3856811523;3200;3200;C80
224;714.2857666015;3211;3211;C8B
225;710.2222290039;3223;3223;C97
226;706.1947021484;3235;3235;CA3
227;702.2026367187;3247;3247;CAF
228;698.2456054687;3259;3259;CBB
229;694.3231811523;3271;3271;CC7
230;690.4347534179;3282;3282;CD2
231;686.5800781250;3294;3294;CDE
232;682.7586059570;3306;3306;CEA
233;678.9699707031;3317;3317;CF5
234;675.2137451171;3329;3329;D01
235;671.4893188476;3341;3341;D0D
236;667.7966308593;3352;3352;D18
237;664.1350097656;3364;3364;D24
238;660.5042724609;3375;3375;D2F
239;656.9037475585;3387;3387;D3B
240;653.3333740234;3398;3398;D46
241;649.7926025390;3410;3410;D52
242;646.2809448242;3421;3421;D5D
243;642.7983398437;3432;3432;D68
244;639.3442382812;3444;3444;D74
245;635.9183349609;3455;3455;D7F
246;632.5202636718;3466;3466;D8A
247;629.1498413085;3478;3478;D96
248;625.8063964843;3489;3489;DA1
249;622.4899291992;3500;3500;DAC
250;619.2000122070;3511;3511;DB7
251;615.9362792968;3523;3523;DC3
252;612.6984863281;3534;3534;DCE
253;609.4862060546;3545;3545;DD9
254;606.2991943359;3556;3556;DE4
255;603.1373291015;3567;3567;DEF
256;600.0000000000;3578;3578;DFA
257;596.8871459960;3589;3589;E05
258;593.7984619140;3600;3600;E10
259;590.7335815429;3611;3611;E1B
260;587.6923217773;3622;3622;E26
261;584.6743164062;3633;3633;E31
262;581.6793823242;3644;3644;E3C
263;578.7072143554;3655;3655;E47
264;575.7575683593;3666;3666;E52
265;572.8302001953;3677;3677;E5D
266;569.9248046875;3688;3688;E68
267;567.0411987304;3699;3699;E73
268;564.1790771484;3709;3709;E7D
269;561.3382568359;3720;3720;E88
270;558.5184936523;3731;3731;E93
271;555.7195434570;3742;3742;E9E
272;552.9411621093;3753;3753;EA9
273;550.1831665039;3763;3763;EB3
274;547.4452514648;3774;3774;EBE
275;544.7272949218;3785;3785;EC9
276;542.0289916992;3795;3795;ED3
277;539.3501586914;3806;3806;EDE
278;536.6906738281;3817;3817;EE9
279;534.0501708984;3827;3827;EF3
280;531.4285888671;3838;3838;EFE
281;528.8256225585;3848;3848;F08
282;526.2410888671;3859;3859;F13
283;523.6749267578;3870;3870;F1E
284;521.1267700195;3880;3880;F28
285;518.5964965820;3891;3891;F33
286;516.0839233398;3901;3901;F3D
287;513.5888671875;3912;3912;F48
288;511.1111145019;3922;3922;F52
289;508.6505432128;3932;3932;F5C
290;506.2069091796;3943;3943;F67
291;503.7800903320;3953;3953;F71
292;501.3698730468;3964;3964;F7C
293;498.9760742187;3974;3974;F86
294;496.5986328125;3984;3984;F90
295;494.2372741699;3995;3995;F9B
296;491.8919067382;4005;4005;FA5
297;489.5622863769;4016;4016;FB0
298;487.2483215332;4026;4026;FBA
299;484.9498291015;4036;4036;FC4
300;482.6666870117;4046;4046;FCE
301;480.3986511230;4057;4057;FD9
302;478.1456909179;4067;4067;FE3
303;475.9076232910;4077;4077;FED
304;473.6842041015;4087;4087;FF7
305;471.4754028320;4098;4098;1002
306;469.2810668945;4108;4108;100C
307;467.1009521484;4118;4118;1016
308;464.9350585937;4128;4128;1020
309;462.7832031250;4138;4138;102A
310;460.6451416015;4148;4148;1034
311;458.5208740234;4159;4159;103F
312;456.4102783203;4169;4169;1049
313;454.3130798339;4179;4179;1053
314;452.2293090820;4189;4189;105D
315;450.1587524414;4199;4199;1067
316;448.1012878417;4209;4209;1071
317;446.0567932128;4219;4219;107B
318;444.0251464843;4229;4229;1085
319;442.0062561035;4239;4239;108F
320;440.0000000000;4249;4249;1099
321;438.0062255859;4259;4259;10A3
322;436.0248413085;4269;4269;10AD
323;434.0557250976;4279;4279;10B7
324;432.0987548828;4289;4289;10C1
325;430.1538391113;4299;4299;10CB
326;428.2208557128;4309;4309;10D5
327;426.2997131347;4319;4319;10DF
328;424.3902282714;4329;4329;10E9
329;422.4924011230;4339;4339;10F3
330;420.6060485839;4349;4349;10FD
331;418.7311096191;4359;4359;1107
332;416.8674316406;4368;4368;1110
333;415.0150146484;4378;4378;111A
334;413.1736755371;4388;4388;1124
335;411.3432922363;4398;4398;112E
336;409.5238342285;4408;4408;1138
337;407.7151184082;4418;4418;1142
338;405.9171752929;4428;4428;114C
339;404.1297912597;4437;4437;1155
340;402.3529663085;4447;4447;115F
341;400.5865173339;4457;4457;1169
342;398.8304138183;4467;4467;1173
343;397.0845642089;4477;4477;117D
344;395.3488464355;4486;4486;1186
345;393.6231994628;4496;4496;1190
346;391.9075012207;4506;4506;119A
347;390.2017211914;4516;4516;11A4
348;388.5057373046;4525;4525;11AD
349;386.8195190429;4535;4535;11B7
350;385.1428527832;4545;4545;11C1
351;383.4757690429;4554;4554;11CA
352;381.8182067871;4564;4564;11D4
353;380.1699523925;4574;4574;11DE
354;378.5310668945;4583;4583;11E7
355;376.9013977050;4593;4593;11F1
356;375.2809143066;4603;4603;11FB
357;373.6694946289;4612;4612;1204
358;372.0670166015;4622;4622;120E
359;370.4735412597;4632;4632;1218
360;368.8889160156;4641;4641;1221
361;367.3129882812;4651;4651;122B
362;365.7458801269;4661;4661;1235
363;364.1873474121;4670;4670;123E
364;362.6373901367;4680;4680;1248
365;361.0959167480;4689;4689;1251
366;359.5628356933;4699;4699;125B
367;358.0381469726;4709;4709;1265
368;356.5217590332;4718;4718;126E
369;355.0135498046;4728;4728;1278
370;353.5135192871;4737;4737;1281
371;352.0215454101;4747;4747;128B
372;350.5376281738;4757;4757;1295
373;349.0616760253;4766;4766;129E
374;347.5935974121;4776;4776;12A8
375;346.1333312988;4785;4785;12B1
376;344.6808471679;4795;4795;12BB
377;343.2360534667;4804;4804;12C4
378;341.7989196777;4814;4814;12CE
379;340.3694152832;4823;4823;12D7
380;338.9473876953;4833;4833;12E1
381;337.5328063964;4842;4842;12EA
382;336.1256713867;4852;4852;12F4
383;334.7258605957;4861;4861;12FD
384;333.3333435058;4871;4871;1307
385;331.9480285644;4880;4880;1310
386;330.5699462890;4890;4890;131A
387;329.1989746093;4899;4899;1323
388;327.8350219726;4909;4909;132D
389;326.4781494140;4918;4918;1336
390;325.1282348632;4927;4927;133F
391;323.7851562500;4937;4937;1349
392;322.4489746093;4946;4946;1352
393;321.1195983886;4956;4956;135C
394;319.7969360351;4965;4965;1365
395;318.4810180664;4975;4975;136F
396;317.1717224121;4984;4984;1378
397;315.8689880371;4994;4994;1382
398;314.5728454589;5003;5003;138B
399;313.2832031250;5012;5012;1394
400;312.0000000000;5022;5022;139E
401;310.7232055664;5031;5031;13A7
402;309.4527282714;5041;5041;13B1
403;308.1885681152;5050;5050;13BA
404;306.9306945800;5059;5059;13C3
405;305.6790466308;5069;5069;13CD
406;304.4335021972;5078;5078;13D6
407;303.1940917968;5088;5088;13E0
408;301.9608154296;5097;5097;13E9
409;300.7335205078;5106;5106;13F2
410;299.5122070312;5116;5116;13FC
411;298.2968444824;5125;5125;1405
412;297.0873718261;5134;5134;140E
413;295.8837890625;5144;5144;1418
414;294.6859741210;5153;5153;1421
415;293.4939880371;5163;5163;142B
416;292.3077087402;5172;5172;1434
417;291.1271057128;5181;5181;143D
418;289.9521484375;5191;5191;1447
419;288.7828369140;5200;5200;1450
420;287.6190795898;5209;5209;1459
421;286.4608154296;5219;5219;1463
422;285.3080749511;5228;5228;146C
423;284.1607666015;5237;5237;1475
424;283.0188598632;5247;5247;147F
425;281.8823242187;5256;5256;1488
426;280.7511901855;5265;5265;1491
427;279.6252746582;5275;5275;149B
428;278.5046691894;5284;5284;14A4
429;277.3892822265;5293;5293;14AD
430;276.2790527343;5303;5303;14B7
431;275.1740112304;5312;5312;14C0
432;274.0740661621;5321;5321;14C9
433;272.9792175292;5331;5331;14D3
434;271.8894042968;5340;5340;14DC
435;270.8045959472;5349;5349;14E5
436;269.7247619628;5359;5359;14EF
437;268.6498718261;5368;5368;14F8
438;267.5798950195;5377;5377;1501
439;266.5148315429;5387;5387;150B
440;265.4545288085;5396;5396;1514
441;264.3991088867;5405;5405;151D
442;263.3484497070;5415;5415;1527
443;262.3024902343;5424;5424;1530
444;261.2612609863;5433;5433;1539
445;260.2247314453;5443;5443;1543
446;259.1928405761;5452;5452;154C
447;258.1655578613;5461;5461;1555
448;257.1428833007;5470;5470;155E
449;256.1247253417;5480;5480;1568
450;255.1111145019;5489;5489;1571
451;254.1019897460;5498;5498;157A
452;253.0973510742;5508;5508;1584
453;252.0971374511;5517;5517;158D
454;251.1013031005;5526;5526;1596
455;250.1099090576;5536;5536;15A0
456;249.1228027343;5545;5545;15A9
457;248.1400451660;5554;5554;15B2
458;247.1615753173;5564;5564;15BC
459;246.1873474121;5573;5573;15C5
460;245.2173767089;5582;5582;15CE
461;244.2516326904;5592;5592;15D8
462;243.2900390625;5601;5601;15E1
463;242.3325958251;5610;5610;15EA
464;241.3793029785;5620;5620;15F4
465;240.4301147460;5629;5629;15FD
466;239.4849853515;5638;5638;1606
467;238.5438842773;5648;5648;1610
468;237.6068572998;5657;5657;1619
469;236.6737823486;5666;5666;1622
470;235.7446594238;5675;5675;162B
471;234.8195495605;5685;5685;1635
472;233.8983001708;5694;5694;163E
473;232.9809722900;5703;5703;1647
474;232.0674896240;5713;5713;1651
475;231.1578674316;5722;5722;165A
476;230.2521209716;5731;5731;1663
477;229.3500976562;5741;5741;166D
478;228.4518737792;5750;5750;1676
479;227.5574188232;5760;5760;1680
480;226.6666870117;5769;5769;1689
481;225.7796325683;5778;5778;1692
482;224.8962860107;5788;5788;169C
483;224.0165710449;5797;5797;16A5
484;223.1404724121;5806;5806;16AE
485;222.2680511474;5816;5816;16B8
486;221.3991699218;5825;5825;16C1
487;220.5338897705;5834;5834;16CA
488;219.6721038818;5844;5844;16D4
489;218.8139038085;5853;5853;16DD
490;217.9591674804;5862;5862;16E6
491;217.1079711914;5872;5872;16F0
492;216.2601470947;5881;5881;16F9
493;215.4158172607;5891;5891;1703
494;214.5749053955;5900;5900;170C
495;213.7373962402;5909;5909;1715
496;212.9032135009;5919;5919;171F
497;212.0724182128;5928;5928;1728
498;211.2449645996;5938;5938;1732
499;210.4208526611;5947;5947;173B
500;209.6000213623;5956;5956;1744
501;208.7824401855;5966;5966;174E
502;207.9681396484;5975;5975;1757
503;207.1570434570;5985;5985;1761
504;206.3492279052;5994;5994;176A
505;205.5445709228;6003;6003;1773
506;204.7431030273;6013;6013;177D
507;203.9447784423;6022;6022;1786
508;203.1495971679;6032;6032;1790
509;202.3575744628;6041;6041;1799
510;201.5686492919;6051;6051;17A3
511;200.7827758789;6060;6060;17AC
512;200.0000000000;6069;6069;17B5
513;199.2202758789;6079;6079;17BF
514;198.4435729980;6088;6088;17C8
515;197.6699066162;6098;6098;17D2
516;196.8992309570;6107;6107;17DB
517;196.1315460205;6117;6117;17E5
518;195.3667907714;6126;6126;17EE
519;194.6050109863;6136;6136;17F8
520;193.8461608886;6145;6145;1801
521;193.0901947021;6155;6155;180B
522;192.3371582031;6164;6164;1814
523;191.5869903564;6174;6174;181E
524;190.8396911621;6183;6183;1827
525;190.0952301025;6193;6193;1831
526;189.3536071777;6202;6202;183A
527;188.6147918701;6212;6212;1844
528;187.8787994384;6221;6221;184D
529;187.1455688476;6231;6231;1857
530;186.4151000976;6240;6240;1860
531;185.6873779296;6250;6250;186A
532;184.9624176025;6259;6259;1873
533;184.2401428222;6269;6269;187D
534;183.5205993652;6279;6279;1887
535;182.8037567138;6288;6288;1890
536;182.0895385742;6298;6298;189A
537;181.3780364990;6307;6307;18A3
538;180.6691436767;6317;6317;18AD
539;179.9628906250;6327;6327;18B7
540;179.2592468261;6336;6336;18C0
541;178.5582275390;6346;6346;18CA
542;177.8597869873;6355;6355;18D3
543;177.1639099121;6365;6365;18DD
544;176.4705963134;6375;6375;18E7
545;175.7798156738;6384;6384;18F0
546;175.0915832519;6394;6394;18FA
547;174.4058532714;6404;6404;1904
548;173.7226257324;6413;6413;190D
549;173.0418853759;6423;6423;1917
550;172.3636322021;6433;6433;1921
551;171.6878356933;6442;6442;192A
552;171.0144958496;6452;6452;1934
553;170.3435974121;6462;6462;193E
554;169.6750946044;6471;6471;1947
555;169.0090179443;6481;6481;1951
556;168.3453369140;6491;6491;195B
557;167.6840362548;6501;6501;1965
558;167.0250854492;6510;6510;196E
559;166.3685150146;6520;6520;1978
560;165.7142944335;6530;6530;1982
561;165.0623779296;6540;6540;198C
562;164.4128112792;6549;6549;1995
563;163.7655487060;6559;6559;199F
564;163.1205596923;6569;6569;19A9
565;162.4778747558;6579;6579;19B3
566;161.8374633789;6588;6588;19BC
567;161.1992797851;6598;6598;19C6
568;160.5633697509;6608;6608;19D0
569;159.9297027587;6618;6618;19DA
570;159.2982482910;6628;6628;19E4
571;158.6689910888;6638;6638;19EE
572;158.0419616699;6648;6648;19F8
573;157.4171142578;6657;6657;1A01
574;156.7944335937;6667;6667;1A0B
575;156.1739196777;6677;6677;1A15
576;155.5555572509;6687;6687;1A1F
577;154.9393463134;6697;6697;1A29
578;154.3252716064;6707;6707;1A33
579;153.7133026123;6717;6717;1A3D
580;153.1034545898;6727;6727;1A47
581;152.4956970214;6737;6737;1A51
582;151.8900451660;6747;6747;1A5B
583;151.2864532470;6757;6757;1A65
584;150.6849365234;6767;6767;1A6F
585;150.0854797363;6777;6777;1A79
586;149.4880371093;6787;6787;1A83
587;148.8926696777;6797;6797;1A8D
588;148.2993164062;6807;6807;1A97
589;147.7079925537;6817;6817;1AA1
590;147.1186370849;6827;6827;1AAB
591;146.5312957763;6837;6837;1AB5
592;145.9459533691;6847;6847;1ABF
593;145.3625640869;6857;6857;1AC9
594;144.7811431884;6867;6867;1AD3
595;144.2016906738;6877;6877;1ADD
596;143.6241607666;6887;6887;1AE7
597;143.0485687255;6897;6897;1AF1
598;142.4749145507;6907;6907;1AFB
599;141.9031677246;6918;6918;1B06
600;141.3333435058;6928;6928;1B10
601;140.7653808593;6938;6938;1B1A
602;140.1993255615;6948;6948;1B24
603;139.6351623535;6958;6958;1B2E
604;139.0728454589;6969;6969;1B39
605;138.5123901367;6979;6979;1B43
606;137.9538116455;6989;6989;1B4D
607;137.3970336914;6999;6999;1B57
608;136.8421020507;7009;7009;1B61
609;136.2890014648;7020;7020;1B6C
610;135.7377014160;7030;7030;1B76
611;135.1882171630;7040;7040;1B80
612;134.6405334472;7051;7051;1B8B
613;134.0946197509;7061;7061;1B95
614;133.5504760742;7071;7071;1B9F
615;133.0081176757;7082;7082;1BAA
616;132.4675292968;7092;7092;1BB4
617;131.9286804199;7102;7102;1BBE
618;131.3916015625;7113;7113;1BC9
619;130.8562316894;7123;7123;1BD3
620;130.3225708007;7134;7134;1BDE
621;129.7906646728;7144;7144;1BE8
622;129.2604370117;7155;7155;1BF3
623;128.7319488525;7165;7165;1BFD
624;128.2051391601;7175;7175;1C07
625;127.6799926757;7186;7186;1C12
626;127.1565399169;7196;7196;1C1C
627;126.6347656250;7207;7207;1C27
628;126.1146545410;7218;7218;1C32
629;125.5961914062;7228;7228;1C3C
630;125.0793685913;7239;7239;1C47
631;124.5641937255;7249;7249;1C51
632;124.0506439208;7260;7260;1C5C
633;123.5387115478;7270;7270;1C66
634;123.0283966064;7281;7281;1C71
635;122.5196838378;7292;7292;1C7C
636;122.0125656127;7302;7302;1C86
637;121.5070724487;7313;7313;1C91
638;121.0031280517;7324;7324;1C9C
639;120.5007781982;7335;7335;1CA7
640;120.0000076293;7345;7345;1CB1
641;119.5007781982;7356;7356;1CBC
642;119.0031051635;7367;7367;1CC7
643;118.5070037841;7378;7378;1CD2
644;118.0124282836;7388;7388;1CDC
645;117.5193786621;7399;7399;1CE7
646;117.0278549194;7410;7410;1CF2
647;116.5378570556;7421;7421;1CFD
648;116.0493850708;7432;7432;1D08
649;115.5624160766;7443;7443;1D13
650;115.0769195556;7454;7454;1D1E
651;114.5929336547;7464;7464;1D28
652;114.1104202270;7475;7475;1D33
653;113.6294097900;7486;7486;1D3E
654;113.1498565673;7497;7497;1D49
655;112.6717529296;7508;7508;1D54
656;112.1951141357;7519;7519;1D5F
657;111.7199401855;7530;7530;1D6A
658;111.2462005615;7541;7541;1D75
659;110.7738952636;7553;7553;1D81
660;110.3030242919;7564;7564;1D8C
661;109.8335723876;7575;7575;1D97
662;109.3655548095;7586;7586;1DA2
663;108.8989486694;7597;7597;1DAD
664;108.4337234497;7608;7608;1DB8
665;107.9699249267;7619;7619;1DC3
666;107.5075149536;7631;7631;1DCF
667;107.0464859008;7642;7642;1DDA
668;106.5868377685;7653;7653;1DE5
669;106.1285476684;7664;7664;1DF0
670;105.6716461181;7676;7676;1DFC
671;105.2160949707;7687;7687;1E07
672;104.7619094848;7698;7698;1E12
673;104.3090591430;7710;7710;1E1E
674;103.8575668334;7721;7721;1E29
675;103.4074096679;7732;7732;1E34
676;102.9585876464;7744;7744;1E40
677;102.5110702514;7755;7755;1E4B
678;102.0648956298;7767;7767;1E57
679;101.6200332641;7778;7778;1E62
680;101.1764755249;7790;7790;1E6E
681;100.7342071533;7801;7801;1E79
682;100.2932586669;7813;7813;1E85
683;99.8535842895;7825;7825;1E91
684;99.4152069091;7836;7836;1E9C
685;98.9780883789;7848;7848;1EA8
686;98.5422821044;7859;7859;1EB3
687;98.1077194213;7871;7871;1EBF
688;97.6744155883;7883;7883;1ECB
689;97.2423782348;7895;7895;1ED7
690;96.8116073608;7906;7906;1EE2
691;96.3820495605;7918;7918;1EEE
692;95.9537506103;7930;7930;1EFA
693;95.5266952514;7942;7942;1F06
694;95.1008529663;7954;7954;1F12
695;94.6762542724;7965;7965;1F1D
696;94.2528686523;7977;7977;1F29
697;93.8307037353;7989;7989;1F35
698;93.4097518920;8001;8001;1F41
699;92.9899902343;8013;8013;1F4D
700;92.5714263916;8025;8025;1F59
701;92.1540756225;8037;8037;1F65
702;91.7378921508;8049;8049;1F71
703;91.3228988647;8061;8061;1F7D
704;90.9091033935;8074;8074;1F8A
705;90.4964447021;8086;8086;1F96
706;90.0849838256;8098;8098;1FA2
707;89.6746902465;8110;8110;1FAE
708;89.2655334472;8122;8122;1FBA
709;88.8575592041;8135;8135;1FC7
710;88.4506912231;8147;8147;1FD3
711;88.0449981689;8159;8159;1FDF
712;87.6404495239;8172;8172;1FEC
713;87.2370223999;8184;8184;1FF8
714;86.8347396850;8196;8196;2004
715;86.4335784912;8209;8209;2011
716;86.0335083007;8221;8221;201D
717;85.6345901489;8234;8234;202A
718;85.2367630004;8246;8246;2036
719;84.8400573730;8259;8259;2043
720;84.4444503784;8271;8271;204F
721;84.0499420166;8284;8284;205C
722;83.6565017700;8297;8297;2069
723;83.2641830444;8309;8309;2075
724;82.8729400634;8322;8322;2082
725;82.4827651977;8335;8335;208F
726;82.0936660766;8348;8348;209C
727;81.7056427001;8360;8360;20A8
728;81.3186874389;8373;8373;20B5
729;80.9327850341;8386;8386;20C2
730;80.5479507446;8399;8399;20CF
731;80.1641693115;8412;8412;20DC
732;79.7814102172;8425;8425;20E9
733;79.3997268676;8438;8438;20F6
734;79.0190734863;8451;8451;2103
735;78.6394577026;8464;8464;2110
736;78.2608718872;8477;8477;211D
737;77.8833160400;8491;8491;212B
738;77.5067825317;8504;8504;2138
739;77.1312484741;8517;8517;2145
740;76.7567596435;8530;8530;2152
741;76.3832550048;8544;8544;2160
742;76.0107727050;8557;8557;216D
743;75.6392974853;8570;8570;217A
744;75.2688140869;8584;8584;2188
745;74.8993377685;8597;8597;2195
746;74.5308380126;8611;8611;21A3
747;74.1633148193;8624;8624;21B0
748;73.7967987060;8638;8638;21BE
749;73.4312515258;8651;8651;21CB
750;73.0666656494;8665;8665;21D9
751;72.7030487060;8679;8679;21E7
752;72.3404159545;8693;8693;21F5
753;71.9787597656;8706;8706;2202
754;71.6180343627;8720;8720;2210
755;71.2582855224;8734;8734;221E
756;70.8994598388;8748;8748;222C
757;70.5416183471;8762;8762;223A
758;70.1847076416;8776;8776;2248
759;69.8287277221;8790;8790;2256
760;69.4736938476;8804;8804;2264
761;69.1195755004;8818;8818;2272
762;68.7664031982;8832;8832;2280
763;68.4141616821;8846;8846;228E
764;68.0628280639;8861;8861;229D
765;67.7124252319;8875;8875;22AB
766;67.3629302978;8889;8889;22B9
767;67.0143356323;8904;8904;22C8
768;66.6666717529;8918;8918;22D6
769;66.3198928833;8933;8933;22E5
770;65.9740219116;8947;8947;22F3
771;65.6290512084;8962;8962;2302
772;65.2849655151;8977;8977;2311
773;64.9417877197;8991;8991;231F
774;64.5994873046;9006;9006;232E
775;64.2580718994;9021;9021;233D
776;63.9175186157;9036;9036;234C
777;63.5778656005;9050;9050;235A
778;63.2390747070;9065;9065;2369
779;62.9011611938;9080;9080;2378
780;62.5641098022;9095;9095;2387
781;62.2279167175;9111;9111;2397
782;61.8925819396;9126;9126;23A6
783;61.5581054687;9141;9141;23B5
784;61.2244834899;9156;9156;23C4
785;60.8917236328;9171;9171;23D3
786;60.5597991943;9187;9187;23E3
787;60.2287063598;9202;9202;23F2
788;59.8984718322;9218;9218;2402
789;59.5690727233;9233;9233;2411
790;59.2405090332;9249;9249;2421
791;58.9127769470;9265;9265;2431
792;58.5858573913;9280;9280;2440
793;58.2597732543;9296;9296;2450
794;57.9344978332;9312;9312;2460
795;57.6100578308;9328;9328;2470
796;57.2864303588;9344;9344;2480
797;56.9636116027;9360;9360;2490
798;56.6416015625;9376;9376;24A0
799;56.3204040527;9392;9392;24B0
800;55.9999923706;9408;9408;24C0
801;55.6803932189;9424;9424;24D0
802;55.3616027832;9441;9441;24E1
803;55.0435791015;9457;9457;24F1
804;54.7263641357;9474;9474;2502
805;54.4099349975;9490;9490;2512
806;54.0942916870;9507;9507;2523
807;53.7794342041;9523;9523;2533
808;53.4653434753;9540;9540;2544
809;53.1520385742;9557;9557;2555
810;52.8395156860;9574;9574;2566
811;52.5277366638;9591;9591;2577
812;52.2167434692;9608;9608;2588
813;51.9065132141;9625;9625;2599
814;51.5970458984;9642;9642;25AA
815;51.2883415222;9659;9659;25BB
816;50.9804000854;9677;9677;25CD
817;50.6731986999;9694;9694;25DE
818;50.3667602539;9712;9712;25F0
819;50.0610580444;9729;9729;2601
820;49.7560958862;9747;9747;2613
821;49.4519004821;9765;9765;2625
822;49.1484146118;9782;9782;2636
823;48.8456954956;9800;9800;2648
824;48.5436935424;9818;9818;265A
825;48.2424240112;9836;9836;266C
826;47.9418983459;9854;9854;267E
827;47.6420898437;9873;9873;2691
828;47.3429908752;9891;9891;26A3
829;47.0446357727;9909;9909;26B5
830;46.7469940185;9928;9928;26C8
831;46.4500656127;9946;9946;26DA
832;46.1538543701;9965;9965;26ED
833;45.8583374023;9984;9984;2700
834;45.5635528564;10002;10002;2712
835;45.2694664001;10021;10021;2725
836;44.9760665893;10040;10040;2738
837;44.6833839416;10059;10059;274B
838;44.3914184570;10079;10079;275F
839;44.1001167297;10098;10098;2772
840;43.8095321655;10117;10117;2785
841;43.5196151733;10137;10137;2799
842;43.2304153442;10156;10156;27AC
843;42.9418792724;10176;10176;27C0
844;42.6540374755;10196;10196;27D4
845;42.3668632507;10216;10216;27E8
846;42.0803794860;10236;10236;27FC
847;41.7945632934;10256;10256;2810
848;41.5094375610;10276;10276;2824
849;41.2249794006;10297;10297;2839
850;40.9411659240;10317;10317;284D
851;40.6580429077;10338;10338;2862
852;40.3755912780;10358;10358;2876
853;40.0937805175;10379;10379;288B
854;39.8126373291;10400;10400;28A0
855;39.5321617126;10421;10421;28B5
856;39.2523269653;10442;10442;28CA
857;38.9731636047;10463;10463;28DF
858;38.6946449279;10485;10485;28F5
859;38.4167671203;10506;10506;290A
860;38.1395339965;10528;10528;2920
861;37.8629455566;10550;10550;2936
862;37.5869979858;10572;10572;294C
863;37.3116989135;10594;10594;2962
864;37.0370407104;10616;10616;2978
865;36.7630004882;10638;10638;298E
866;36.4896049499;10661;10661;29A5
867;36.2168312072;10683;10683;29BB
868;35.9447021484;10706;10706;29D2
869;35.6731872558;10729;10729;29E9
870;35.4022979736;10752;10752;2A00
871;35.1320266723;10775;10775;2A17
872;34.8623733520;10798;10798;2A2E
873;34.5933685302;10822;10822;2A46
874;34.3249320983;10845;10845;2A5D
875;34.0571403503;10869;10869;2A75
876;33.7899436950;10893;10893;2A8D
877;33.5233688354;10917;10917;2AA5
878;33.2574119567;10941;10941;2ABD
879;32.9920272827;10966;10966;2AD6
880;32.7272644042;10990;10990;2AEE
881;32.4631195068;11015;11015;2B07
882;32.1995506286;11040;11040;2B20
883;31.9365730285;11065;11065;2B39
884;31.6742172241;11091;11091;2B53
885;31.4124336242;11116;11116;2B6C
886;31.1512470245;11142;11142;2B86
887;30.8906326293;11167;11167;2B9F
888;30.6306362152;11193;11193;2BB9
889;30.3712120056;11220;11220;2BD4
890;30.1123619079;11246;11246;2BEE
891;29.8541069030;11273;11273;2C09
892;29.5964241027;11300;11300;2C24
893;29.3393135070;11327;11327;2C3F
894;29.0827751159;11354;11354;2C5A
895;28.8268089294;11381;11381;2C75
896;28.5714378356;11409;11409;2C91
897;28.3166160583;11437;11437;2CAD
898;28.0623664855;11465;11465;2CC9
899;27.8086662292;11493;11493;2CE5
900;27.5555610656;11522;11522;2D02
901;27.3030052185;11551;11551;2D1F
902;27.0509948730;11580;11580;2D3C
903;26.7995605468;11609;11609;2D59
904;26.5486717224;11638;11638;2D76
905;26.2983322143;11668;11668;2D94
906;26.0485649108;11698;11698;2DB2
907;25.7993469238;11728;11728;2DD0
908;25.5506515502;11759;11759;2DEF
909;25.3025283813;11790;11790;2E0E
910;25.0549545288;11821;11821;2E2D
911;24.8079071044;11852;11852;2E4C
912;24.5614051818;11884;11884;2E6C
913;24.3154525756;11916;11916;2E8C
914;24.0700244903;11948;11948;2EAC
915;23.8251457214;11981;11981;2ECD
916;23.5807895660;12014;12014;2EEE
917;23.3369598388;12047;12047;2F0F
918;23.0936775207;12081;12081;2F31
919;22.8509178161;12114;12114;2F52
920;22.6086845397;12149;12149;2F75
921;22.3670005798;12183;12183;2F97
922;22.1258163452;12218;12218;2FBA
923;21.8851566314;12253;12253;2FDD
924;21.6450214385;12289;12289;3001
925;21.4054107666;12325;12325;3025
926;21.1663017272;12361;12361;3049
927;20.9277153015;12398;12398;306E
928;20.6896553039;12435;12435;3093
929;20.4520950317;12473;12473;30B9
930;20.2150573730;12511;12511;30DF
931;19.9785232543;12549;12549;3105
932;19.7424888610;12588;12588;312C
933;19.5069541931;12627;12627;3153
934;19.2719459533;12667;12667;317B
935;19.0374374389;12707;12707;31A3
936;18.8034286499;12748;12748;31CC
937;18.5698986053;12789;12789;31F5
938;18.3368911743;12831;12831;321F
939;18.1043624877;12873;12873;3249
940;17.8723335266;12916;12916;3274
941;17.6408042907;12959;12959;329F
942;17.4097785949;13003;13003;32CB
943;17.1792259216;13048;13048;32F8
944;16.9491539001;13093;13093;3325
945;16.7195796966;13138;13138;3352
946;16.4904823303;13185;13185;3381
947;16.2618865966;13232;13232;33B0
948;16.0337448120;13279;13279;33DF
949;15.8061027526;13327;13327;340F
950;15.5789375305;13376;13376;3440
951;15.3522491455;13426;13426;3472
952;15.1260614395;13476;13476;34A4
953;14.9003028869;13527;13527;34D7
954;14.6750450134;13579;13579;350B
955;14.4502639770;13632;13632;3540
956;14.2259359359;13686;13686;3576
957;14.0020847320;13740;13740;35AC
958;13.7787103652;13795;13795;35E3
959;13.5557889938;13852;13852;361C
960;13.3333444595;13909;13909;3655
961;13.1113529205;13967;13967;368F
962;12.8898143768;14026;14026;36CA
963;12.6687526702;14086;14086;3706
964;12.4481439590;14148;14148;3744
965;12.2279882431;14210;14210;3782
966;12.0082855224;14274;14274;37C2
967;11.7890357971;14338;14338;3802
968;11.5702390670;14404;14404;3844
969;11.3519191741;14472;14472;3888
970;11.1340284347;14541;14541;38CD
971;10.9165906906;14611;14611;3913
972;10.6995820999;14682;14682;395A
973;10.4830503463;14755;14755;39A3
974;10.2669477462;14830;14830;39EE
975;10.0512742996;14906;14906;3A3A
976;9.8360538482;14985;14985;3A89
977;9.6212863922;15065;15065;3AD9
978;9.4069480895;15146;15146;3B2A
979;9.1930627822;15230;15230;3B7E
980;8.9795827865;15316;15316;3BD4
981;8.7665557861;15404;15404;3C2C
982;8.5539817810;15495;15495;3C87
983;8.3418130874;15588;15588;3CE4
984;8.1300735473;15683;15683;3D43
985;7.9187870025;15781;15781;3DA5
986;7.7079057693;15882;15882;3E0A
987;7.4974775314;15986;15986;3E72
988;7.2874546051;16093;16093;3EDD
989;7.0778608322;16204;16204;3F4C
990;6.8686962127;16318;16318;3FBE
991;6.6599369049;16436;16436;4034
992;6.4516067504;16558;16558;40AE
993;6.2437057495;16684;16684;412C
994;6.0362100601;16815;16815;41AF
995;5.8291435241;16951;16951;4237
996;5.6224822998;17092;17092;42C4
997;5.4162502288;17240;17240;4358
998;5.2104234695;17393;17393;43F1
999;5.0050020217;17554;17554;4492
1000;4.8000097274;17721;17721;4539
1001;4.5953989028;17897;17897;45E9
1002;4.3912172317;18082;18082;46A2
1003;4.1874408721;18277;18277;4765
1004;3.9840698242;18482;18482;4832
1005;3.7811040878;18700;18700;490C
1006;3.5785198211;18931;18931;49F3
1007;3.3763647079;19177;19177;4AE9
1008;3.1746149063;19440;19440;4BF0
1009;2.9732465744;19723;19723;4D0B
1010;2.7722835540;20028;20028;4E3C
1011;2.5717020034;20360;20360;4F88
1012;2.3715496063;20722;20722;50F2
1013;2.1717786788;21120;21120;5280
1014;1.9723892211;21563;21563;543B
1015;1.7734050750;22060;22060;562C
1016;1.5748023986;22626;22626;5862
1017;1.3766050338;23280;23280;5AF0
1018;1.1787891387;24054;24054;5DF6
1019;0.9813547134;24994;24994;61A2
1020;0.7843255996;26186;26186;664A
1021;0.5876541137;27791;27791;6C8F
1022;0.3913879394;30199;30199;75F7
1023;0.1955032348;34763;34763;87CB
